55
55
55
55
55
55
55
55
55
55
55
55
55
55
55
55
55
55
55
55
55
55
55
55
55
55
55
55
55
55
55
55
55
55
55
55
55
55
55
55
55
55
55
55
55
55
55
55
55
55
55
55
55
55
55
55
55
55
55
55
55
55
55
55
55
55
55
55
55
55
55
55
55
55
55
55
55
55
55
55
55
55
55
55
55
55
55
55
55
55
55
55
55
55
55
55
55
55
55
55
55
55
55
55
55
55
55
55
55
55
55
55
55
55
55
55
55
55
55
55
55
55
55
55
55
55
55
55
55
55
55
55
55
55
55
55
55
55
55
55
55
55
55
55
55
55
55
55
55
55
55
55
55
55
55
55
55
55
55
55
55
55
55
55
55
55
55
55
55
55
55
55
55
55
55
55
55
55
55
55
55
55
55
55
55
55
55
55
55
55
55
55
55
55
55
55
55
55
55
55
55
55
55
55
55
55
55
55
55
55
55
55
55
55
55
55
55
55
55
55
55
55
55
55
55
55
55
55
55
55
55
55
55
55
55
55
55
55
55
55
55
55
55
55
55
55
55
55
55
55
55
55
55
55
55
55
55
55
55
55
55
55
55
55
55
55
55
55
55
55
55
55
55
55
55
55
55
55
55
55
55
55
55
55
55
55
55
55
55
55
55
55
55
55
55
55
55
55
55
55
55
55
55
55
55
55
55
55
55
55
55
55
55
55
55
55
55
55
55
55
55
55
55
55
55
55
55
55
55
55
55
55
55
55
55
55
55
55
55
55
55
55
55
55
55
55
55
55
55
55
55
55
55
55
55
55
55
55
55
55
55
55
55
55
55
55
55
55
55
55
55
55
55
55
55
55
55
55
55
55
55
55
55
55
55
55
55
55
55
55
55
55
55
55
55
55
55
55
55
55
55
55
55
55
55
55
55
55
55
55
55
55
55
55
55
55
55
55
55
55
55
55
55
55
55
55
55
55
55
55
55
55
55
55
55
55
55
55
55
55
55
55
55
55
55
55
55
55
55
55
55
55
55
55
55
55
55
55
55
55
55
55
55
55
55
55
55
55
55
55
55
55
55
55
55
55
55
55
55
55
55
55
55
55
55
55
55
55
55
55
55
55
55
55
55
55
55
55
55
55
55
55
55
55
55
55
55
55
55
55
55
55
55
55
55
55
55
55
55
55
55
55
55
55
55
55
55
55
55
55
55
55
55
55
55
55
55
55
55
55
55
55
55
55
55
55
55
55
55
55
55
55
55
55
55
55
55
55
55
55
55
55
55
55
55
55
55
55
55
55
55
55
55
55
55
55
55
55
55
55
55
55
55
55
55
55
55
55
55
55
55
55
55
55
55
55
55
55
55
55
55
55
55
55
55
55
55
55
55
55
55
55
55
55
55
55
55
55
55
55
55
55
55
55
55
55
55
55
55
55
55
55
55
55
55
55
55
55
55
55
55
55
55
55
55
55
55
55
55
55
55
55
55
55
55
55
55
55
55
55
55
55
55
55
55
55
55
55
55
55
55
55
55
55
55
55
55
55
55
55
55
55
55
55
55
55
55
55
55
55
55
55
55
55
55
55
55
55
55
55
55
55
55
55
55
55
55
55
55
55
55
55
55
55
55
55
55
55
55
55
55
55
55
55
55
55
55
55
55
55
55
55
55
55
55
55
55
55
55
55
55
55
55
55
55
55
55
55
55
55
55
55
55
55
55
55
55
55
55
55
55
55
55
55
55
55
55
55
55
55
55
55
55
55
55
55
55
55
55
55
55
55
55
55
55
55
55
55
55
55
55
55
55
55
55
55
55
55
55
55
55
55
55
55
55
55
55
55
55
55
55
55
55
55
55
55
55
55
55
55
55
55
55
55
55
55
55
55
55
55
55
55
55
55
55
55
55
55
55
55
55
55
55
55
55
55
55
55
55
55
55
55
55
55
55
55
55
55
55
55
55
55
55
55
55
55
55
55
55
55
55
55
55
55
55
55
55
55
55
55
55
55
55
55
55
55
55
55
55
55
55
55
55
55
55
55
55
55
55
55
55
55
55
55
55
55
55
55
55
55
55
55
55
55
55
55
55
55
55
55
55
55
55
55
55
55
55
55
55
55
55
55
55
55
55
55
55
55
55
55
55
55
55
55
55
55
55
55
55
55
55
55
55
55
55
55
55
55
55
55
55
55
55
55
55
55
55
55
55
55
55
55
55
55
55
55
55
55
55
55
55
55
55
55
55
55
55
55
55
55
55
55
55
55
55
55
55
55
55
55
268
497
159
341
167
246
373
304
16
429
497
136
343
68
288
202
189
488
222
185
98
214
193
103
410
324
185
401
11
193
251
203
127
439
238
243
43
216
241
121
377
228
238
26
344
381
6
280
492
476
382
164
57
487
444
55
305
56
431
344
61
472
293
323
178
294
10
405
331
46
159
474
248
101
309
371
476
167
259
30
318
405
410
36
312
88
147
140
495
183
438
487
286
398
61
405
435
416
348
51
372
102
450
446
318
409
417
456
179
74
79
139
298
401
26
156
63
258
12
91
148
370
410
148
109
172
188
350
41
404
437
60
319
208
159
217
456
464
219
404
171
191
461
422
105
300
190
385
373
405
343
178
405
258
404
2
192
303
338
146
221
67
415
276
138
20
320
90
243
309
201
99
40
108
420
457
410
489
44
309
483
304
478
136
61
259
156
62
305
157
25
153
127
73
184
105
277
186
285
85
480
100
142
64
205
244
139
297
338
447
93
204
260
29
163
417
89
280
215
379
364
259
285
86
284
48
473
467
425
316
181
225
204
459
330
384
162
415
431
318
121
359
225
358
65
322
394
98
411
267
16
497
471
407
222
221
315
57
280
158
271
172
373
22
267
369
1
302
199
280
255
175
349
398
258
5
35
428
22
463
155
376
57
158
301
184
254
297
237
109
69
106
135
274
47
449
487
203
92
197
322
93
399
131
13
341
149
73
149
217
187
388
35
318
3
396
116
215
222
84
115
204
65
91
211
150
40
75
351
309
19
333
337
325
142
63
477
426
146
460
36
181
148
21
423
182
71
318
271
152
334
272
482
8
82
118
28
309
420
363
301
74
223
341
198
355
52
211
177
441
420
190
70
262
48
434
56
44
168
30
79
223
305
200
476
248
351
329
244
24
35
168
6
283
159
463
459
308
323
69
130
361
142
331
232
144
202
220
460
149
63
485
142
391
285
79
269
23
365
451
4
224
468
153
407
253
184
287
103
86
475
248
221
100
400
218
82
475
469
332
46
132
369
96
461
51
26
116
498
81
194
437
444
373
65
407
394
489
424
479
461
415
117
375
174
315
264
43
492
67
498
295
55
34
405
373
355
372
193
356
227
69
290
23
392
39
305
349
35
493
325
93
51
490
372
131
15
494
422
146
288
484
125
431
84
400
383
410
469
193
53
22
297
69
253
392
126
95
484
135
11
415
8
499
243
405
245
65
162
274
359
361
451
47
69
244
444
359
439
493
156
395
380
342
441
303
297
482
238
480
6
420
11
287
136
373
476
126
189
180
155
318
249
196
335
192
72
251
500
9
449
268
157
491
480
116
36
167
59
441
108
263
328
183
269
439
351
164
411
196
268
318
170
260
339
339
147
185
8
249
232
47
483
229
32
238
263
21
308
21
338
310
68
248
72
392
490
67
428
396
341
409
340
304
242
131
98
398
153
141
469
352
160
310
210
62
281
100
151
31
176
331
356
391
359
458
251
422
188
447
349
81
257
112
408
323
207
179
487
401
140
366
368
168
52
487
151
258
39
10
112
391
416
397
220
11
54
450
446
284
380
176
210
207
293
389
95
48
402
387
356
103
113
250
392
311
463
188
339
373
308
493
384
178
335
459
166
360
392
398
270
257
233
203
22
464
157
162
376
164
392
103
357
153
155
10
278
166
6
410
49
366
112
73
477
388
293
32
372
334
223
235
157
5
118
100
370
411
229
428
155
302
313
176
481
205
137
231
24
326
182
500
355
482
350
405
146
160
227
134
171
125
291
42
441
157
447
353
36
56
140
368
437
78
256
247
53
437
92
272
252
63
9
46
153
223
381
175
156
214
455
210
184
96
258
30
11
272
235
324
258
285
196
469
187
315
64
277
227
103
352
209
68
455
383
109
117
245
390
218
277
273
197
323
102
430
184
342
321
227
236
282
202
269
14
468
367
40
359
339
160
104
448
54
362
246
142
229
214
149
414
267
383
17
48
486
88
374
368
257
131
222
457
1
367
71
7
300
441
415
243
77
386
51
58
174
325
144
461
356
289
455
129
173
313
470
400
186
221
29
381
493
173
103
209
439
148
448
188
291
239
342
288
299
407
337
381
332
460
374
161
445
413
12
469
176
94
285
188
397
172
322
79
413
35
250
405
284
343
120
27
378
457
171
118
447
168
330
266
477
90
68
227
348
368
437
80
161
134
33
345
364
260
292
120
417
264
376
265
157
432
97
489
340
348
284
489
243
395
23
9
264
19
212
307
104
96
232
46
99
170
244
150
311
275
164
118
165
51
201
184
292
66
109
45
494
80
387
1
85
448
338
267
112
25
82
345
49
485
16
321
32
331
166
487
189
448
179
65
184
167
324
192
194
340
217
199
410
167
314
25
210
231
462
151
333
478
38
286
194
319
69
181
36
380
152
462
401
123
357
47
401
323
317
418
125
146
74
273
308
383
436
383
172
492
112
301
370
16
155
212
410
393
371
366
98
143
157
314
188
255
298
288
311
268
124
387
415
44
26
188
405
266
479
311
383
187
9
45
268
351
93
386
468
146
137
8
452
451
321
482
490
260
85
53
85
149
72
405
368
225
387
326
490
467
307
144
415
60
484
412
135
113
46
338
163
413
320
165
131
117
436
464
223
44
199
145
181
426
227
235
115
105
178
43
464
267
396
2
339
494
93
392
468
409
348
378
214
248
391
172
329
407
274
251
290
424
104
446
269
163
464
490
334
249
297
30
435
3
374
396
18
319
327
138
24
44
496
314
197
322
432
433
35
55
406
208
331
427
254
41
164
451
233
176
31
104
59
220
113
319
443
211
375
495
155
11
81
137
228
247
428
290
250
448
232
31
455
280
344
90
199
9
250
333
233
68
86
151
107
420
486
277
202
378
380
221
59
40
400
396
128
195
199
8
114
375
201
286
445
1
149
279
376
24
120
434
461
43
263
88
425
430
30
308
261
151
88
372
68
11
472
416
381
449
462
5
311
243
220
358
367
301
207
107
272
207
401
179
259
446
260
17
278
312
471
198
165
391
247
463
288
330
218
434
29
234
399
428
62
115
123
219
324
405
222
125
224
423
37
54
251
410
113
122
252
456
138
69
478
264
341
420
497
257
71
38
83
273
79
39
309
474
117
144
324
42
194
373
91
346
475
242
355
193
213
379
217
96
183
74
96
330
451
298
275
204
223
67
334
184
43
451
345
499
246
278
293
469
299
211
263
265
478
132
290
100
66
304
45
193
321
487
91
6
443
480
23
320
370
120
320
128
40
408
304
24
397
357
448
436
86
248
297
473
312
331
352
319
8
175
138
419
22
142
363
56
361
340
56
266
255
474
99
180
391
136
226
71
329
267
203
210
356
110
108
74
190
119
195
112
128
205
312
196
482
401
106
398
45
249
163
58
301
182
181
113
149
118
82
177
106
281
491
242
472
429
64
412
35
290
366
243
146
445
139
50
163
404
198
491
30
328
27
80
104
146
410
174
429
495
425
72
37
19
7
347
215
70
224
54
338
194
364
255
383
421
412
357
44
132
451
246
421
91
147
278
255
411
139
327
20
390
484
40
365
294
206
128
438
292
335
93
181
144
154
336
464
272
198
183
234
54
131
298
45
180
152
447
372
230
93
305
431
397
35
448
211
325
390
89
216
285
419
252
297
358
65
277
438
311
314
483
214
456
93
467
259
186
495
186
143
259
256
209
200
31
163
284
110
206
126
140
382
109
468
449
135
379
1
188
115
375
10
61
417
110
92
476
304
68
190
25
330
205
447
457
30
211
53
267
196
282
167
232
186
175
101
105
489
144
332
381
186
308
71
269
250
195
293
91
439
187
480
43
17
101
310
178
163
11
420
425
327
234
493
334
208
278
376
242
9
487
487
160
237
309
340
22
135
178
208
335
419
463
328
9
302
125
215
86
365
424
443
479
225
408
55
453
316
237
61
472
320
51
82
453
201
320
306
208
261
288
43
485
304
86
6
365
406
484
33
83
64
291
378
85
45
9
436
330
255
388
207
399
118
236
16
369
381
376
308
482
320
7
325
77
382
459
175
139
402
191
47
332
204
479
409
30
173
497
409
192
384
477
454
374
82
145
368
68
71
138
484
31
176
52
264
57
466
302
204
87
334
298
428
65
341
375
195
139
328
487
196
384
468
117
98
343
54
451
495
237
91
108
69
264
207
17
157
153
215
353
64
372
294
323
359
87
50
390
34
208
450
229
241
85
442
100
64
60
454
421
4
16
307
467
496
227
229
164
358
325
219
43
424
476
423
325
91
145
258
11
294
165
417
288
288
363
368
485
322
107
453
97
200
295
350
48
65
327
328
133
358
386
32
210
490
408
305
265
162
118
10
419
303
443
128
339
99
20
180
133
360
245
342
252
372
122
344
130
127
375
260
264
318
126
154
409
134
208
298
380
58
103
323
205
98
35
295
257
167
11
450
46
148
195
273
113
44
280
338
368
65
175
139
287
358
246
101
177
290
220
206
391
222
300
76
258
423
138
154
338
328
87
464
116
426
215
117
124
353
41
365
354
371
430
316
383
464
36
348
352
434
118
468
447
305
60
325
348
120
16
191
407
127
1
41
479
212
23
362
144
130
478
324
250
355
353
20
292
485
193
294
387
290
302
404
210
120
17
312
367
390
269
5
338
350
459
227
371
390
338
172
441
175
205
223
456
295
218
93
453
40
34
363
427
222
304
117
325
97
332
359
195
212
496
254
361
474
487
400
397
126
150
403
148
21
354
213
85
80
449
416
402
425
360
328
357
406
78
116
47
342
403
275
58
479
477
230
180
452
362
483
308
319
196
327
390
131
216
407
369
92
33
245
149
417
457
271
353
168
397
456
397
372
354
56
223
376
345
170
45
124
34
134
218
466
108
84
229
33
438
226
191
171
248
456
310
158
126
141
22
207
378
12
55
407
87
437
466
141
104
15
286
47
363
245
58
399
28
183
309
374
42
320
231
171
265
226
124
399
246
66
250
205
148
338
247
23
79
312
380
172
119
89
429
424
441
145
309
3
398
411
131
444
332
149
165
58
281
385
142
362
313
67
395
39
265
82
399
25
498
36
320
217
304
138
256
454
391
307
231
121
417
122
1
336
435
307
373
499
174
190
242
195
170
18
359
52
194
390
159
359
246
285
5
362
91
415
140
195
394
212
167
475
154
22
445
192
67
60
105
459
210
400
352
309
295
126
47
286
280
204
260
2
148
372
375
133
117
140
245
21
167
179
106
462
23
267
41
148
74
168
486
134
286
201
149
346
433
196
68
466
368
355
415
190
452
166
327
282
147
313
75
427
316
85
293
32
295
390
287
28
85
400
213
112
219
127
216
448
224
29
200
422
72
279
153
313
264
416
10
358
441
260
1
261
94
59
318
202
409
118
52
44
410
40
382
469
142
304
472
326
450
379
59
118
114
153
356
38
432
481
269
379
380
430
88
326
399
453
19
161
309
15
40
106
478
157
13
33
398
184
171
461
445
185
408
62
201
384
148
441
204
281
270
429
350
173
164
480
453
56
71
190
285
312
17
436
340
454
141
458
141
323
140
249
310
308
434
196
23
26
126
15
305
79
457
29
246
112
256
305
494
33
80
342
114
481
176
134
168
473
222
248
243
190
300
381
141
21
119
42
239
468
458
427
431
56
385
207
355
489
190
229
198
336
465
109
243
299
136
329
133
301
28
50
304
379
273
116
279
77
388
225
493
215
66
26
75
154
412
58
97
470
280
180
283
494
50
407
226
191
138
343
386
290
410
439
441
408
123
53
284
270
428
278
102
466
236
484
271
439
35
90
387
78
233
164
21
348
268
311
329
366
390
88
439
45
339
204
306
128
85
167
31
359
275
327
42
2
79
317
259
67
137
287
157
48
456
309
57
246
418
93
141
313
225
418
381
340
340
57
127
32
178
144
355
368
60
29
304
406
123
20
270
451
53
262
229
103
432
391
89
31
147
60
210
493
27
218
135
357
447
202
163
22
190
227
389
494
433
289
489
428
6
151
124
399
323
190
261
463
190
278
409
449
468
97
386
119
434
362
342
343
394
447
460
421
358
248
262
326
374
236
170
143
403
162
25
496
436
312
170
338
457
173
168
169
294
214
55
93
342
271
60
71
448
146
34
59
192
204
41
76
429
436
89
454
108
266
47
307
73
390
183
123
193
5
386
222
280
291
128
144
194
169
485
103
177
100
196
257
128
467
305
233
271
95
410
22
84
214
61
28
168
248
21
452
88
438
379
443
261
313
280
401
76
398
382
260
451
487
278
9
70
290
179
106
86
450
352
99
96
364
138
66
231
100
477
446
148
34
16
240
221
253
497
315
188
405
158
374
213
150
72
98
437
52
458
379
70
415
367
139
86
281
348
397
176
214
171
477
421
436
113
418
471
39
289
317
293
365
419
182
293
479
386
447
293
41
130
179
142
98
377
233
167
378
154
441
406
101
140
474
234
181
453
278
37
154
127
398
264
142
86
205
497
185
346
107
395
402
104
135
85
492
335
324
59
381
251
94
385
348
412
193
225
446
448
112
26
108
410
139
414
232
416
1
13
172
237
482
32
48
46
5
497
5
390
243
347
130
219
157
404
33
14
416
230
393
481
51
238
234
81
288
493
465
221
353
77
335
311
387
144
269
63
338
303
408
197
220
56
205
266
397
389
253
236
382
218
500
271
120
192
186
245
298
467
259
12
32
284
37
166
13
319
333
13
135
471
177
114
323
196
261
496
33
469
185
399
240
229
340
136
78
64
191
195
459
25
265
372
44
396
166
436
20
39
254
78
57
240
102
412
42
386
449
425
432
191
212
330
282
361
273
303
445
402
89
449
129
138
55
110
206
306
70
427
31
325
476
494
216
107
342
500
128
429
94
192
116
267
264
269
313
435
90
184
124
363
492
118
451
305
450
420
186
492
206
237
317
22
394
107
215
218
115
176
19
273
175
17
309
398
334
362
374
287
298
271
216
386
304
168
334
358
44
411
158
422
315
136
223
357
376
94
374
158
54
95
321
414
166
351
188
476
310
53
471
88
47
400
195
435
21
431
218
226
274
357
175
204
19
98
458
40
294
452
23
241
489
217
233
203
450
303
221
453
481
358
49
491
440
70
376
416
442
288
337
445
376
148
384
197
421
118
396
69
393
149
183
359
31
231
100
331
167
493
485
219
210
265
246
417
309
184
264
449
222
43
98
6
116
78
365
341
333
37
282
333
407
153
60
332
176
190
461
210
470
46
250
450
303
118
236
112
403
468
388
238
354
448
347
351
52
177
244
454
367
260
499
130
211
153
313
57
205
415
241
120
224
55
479
177
294
149
204
498
343
254
438
365
149
45
480
460
307
210
281
500
447
8
343
211
48
120
239
151
306
179
407
489
228
269
14
299
469
170
58
403
473
246
111
114
322
134
482
167
173
353
251
496
134
242
173
217
213
268
130
174
411
53
193
165
347
450
138
381
31
181
491
137
152
378
27
202
397
230
390
414
139
72
479
453
428
411
355
487
96
298
87
201
41
385
493
421
53
447
267
373
497
101
136
492
363
114
344
257
215
472
320
483
379
217
35
339
75
240
237
437
95
152
285
234
94
290
97
268
385
107
149
450
463
17
418
38
436
487
91
314
68
98
272
125
478
104
323
325
350
155
346
313
211
331
278
346
317
403
398
73
18
76
373
109
324
371
21
362
299
497
403
89
150
423
369
497
380
161
257
491
468
273
419
231
261
336
240
132
240
73
222
34
89
18
297
492
226
163
301
108
84
461
26
353
252
258
164
289
462
282
466
156
147
408
105
246
158
142
349
489
131
389
123
227
276
369
500
132
126
377
271
218
360
149
407
8
248
66
479
3
173
452
171
458
107
66
388
181
414
52
335
84
314
313
477
195
339
299
78
383
258
32
163
85
11
248
296
498
1
98
498
92
164
346
316
180
219
165
120
210
482
320
219
75
43
188
404
48
173
213
169
449
489
96
245
141
289
86
448
360
270
390
180
316
54
244
421
469
497
298
477
174
179
368
402
439
313
89
43
323
345
249
326
289
429
50
103
69
101
175
391
134
218
261
440
93
140
403
21
300
268
436
52
376
236
496
271
122
195
307
329
201
43
125
15
22
65
392
388
5
141
352
368
322
407
344
457
418
428
310
299
410
68
244
56
410
198
451
53
434
280
482
374
295
347
191
91
93
247
419
28
249
16
17
160
416
69
230
470
393
40
353
194
386
8
419
133
300
69
106
325
115
339
455
225
159
479
73
475
216
253
364
172
9
282
51
394
52
84
141
341
468
481
160
394
427
288
489
287
428
58
291
24
141
95
414
411
62
292
1
438
496
255
254
141
176
181
185
105
458
25
82
216
429
265
357
134
179
61
299
371
490
286
48
159
462
340
31
415
368
141
333
260
84
203
346
213
228
20
219
247
104
385
330
403
477
76
95
377
239
281
232
2
494
131
448
210
208
96
179
336
150
271
237
317
193
323
133
226
420
144
406
159
343
52
268
106
457
145
183
387
245
155
177
88
409
332
267
454
256
136
6
133
341
383
97
333
149
13
211
154
443
370
457
95
375
74
159
442
363
343
254
63
414
293
92
496
95
149
409
362
57
180
471
285
138
274
318
461
456
435
457
444
435
29
444
376
199
82
213
336
173
325
91
413
382
443
219
49
291
102
239
500
105
349
98
264
399
173
457
102
256
199
487
428
386
310
129
386
350
216
297
13
437
73
189
232
90
58
403
196
55
270
170
354
197
458
340
86
431
180
478
26
126
112
81
475
338
163
27
72
315
334
200
76
305
227
64
32
160
366
175
341
270
262
47
486
30
133
232
429
471
43
455
170
238
272
388
325
493
215
394
427
31
331
381
221
71
94
50
471
395
308
427
65
6
137
257
364
66
95
445
206
432
99
101
273
380
30
338
34
339
239
39
445
473
249
310
439
382
326
416
436
84
261
34
163
116
391
165
102
16
25
260
398
270
189
495
433
230
108
342
41
257
16
132
156
270
482
93
258
328
318
482
240
180
10
122
171
65
439
157
489
366
237
19
315
480
141
176
284
254
378
209
275
485
376
180
68
129
379
394
135
299
407
274
198
43
20
219
261
68
325
368
292
451
353
175
20
498
318
176
129
307
310
5
450
109
208
255
304
331
54
42
187
45
23
191
460
463
321
273
460
423
415
216
429
11
417
324
132
202
160
71
312
203
266
329
489
403
325
90
335
265
416
430
14
283
181
248
428
163
216
57
178
45
216
207
392
94
76
440
192
384
124
103
171
484
231
484
279
195
202
57
139
231
438
196
7
486
203
147
330
170
396
470
486
104
393
267
488
60
437
396
328
385
399
452
142
313
259
31
53
198
469
234
461
159
419
447
108
21
200
407
392
429
110
23
488
155
117
68
91
464
497
220
258
307
230
254
333
487
54
195
227
173
95
133
201
163
9
328
186
447
160
467
361
31
5
399
276
376
464
487
196
192
440
89
201
250
477
155
430
165
114
122
467
5
180
220
335
478
322
326
147
290
383
145
304
30
360
227
302
331
479
457
24
68
499
35
233
6
432
452
186
355
399
21
333
39
1
356
351
286
65
298
55
138
341
407
310
296
286
172
391
250
353
99
187
157
98
400
7
146
487
329
46
371
141
292
391
363
312
266
30
4
376
17
266
181
403
387
227
93
226
438
221
261
61
436
2
300
334
176
441
101
350
206
299
236
253
185
497
49
16
447
484
20
142
388
374
336
333
7
255
212
173
414
420
50
109
286
311
205
291
92
29
136
326
429
155
171
218
31
428
219
390
179
77
279
454
201
119
174
62
166
467
328
422
229
428
436
286
250
128
468
375
293
259
425
419
348
195
214
233
204
119
303
79
37
322
495
338
141
96
408
167
137
143
125
125
201
215
97
1
219
385
469
404
461
345
98
420
153
360
107
7
406
441
359
48
165
250
385
407
433
98
145
155
220
301
238
150
134
300
219
134
98
213
15
319
150
400
118
193
225
76
186
282
490
402
262
197
285
77
461
452
330
190
69
121
240
314
184
161
107
449
286
353
142
473
409
194
427
40
399
265
132
193
183
358
413
364
166
319
39
42
366
57
339
267
304
409
145
394
79
336
217
457
86
277
290
333
140
17
493
69
270
245
179
197
320
138
8
211
209
376
149
366
122
66
83
230
14
376
170
1
50
34
461
63
49
175
107
407
69
81
225
150
327
471
272
122
378
143
448
166
402
434
186
204
188
352
336
21
194
60
319
264
347
492
20
237
284
117
148
145
32
101
142
129
152
500
39
152
294
462
352
371
429
4
100
116
349
258
375
198
340
86
214
9
262
461
303
335
452
36
339
262
496
303
135
301
293
57
52
188
313
185
228
232
209
448
336
343
393
405
388
26
242
451
306
446
388
134
367
191
197
204
200
258
124
90
376
127
370
299
324
292
206
187
385
156
358
482
300
314
126
461
443
48
148
313
20
45
497
189
414
160
191
362
492
109
485
471
108
119
72
210
474
94
82
97
320
55
66
151
88
406
334
54
66
237
262
153
110
312
71
332
130
181
386
165
102
345
196
277
171
388
374
181
242
416
488
349
467
52
494
465
480
347
101
8
326
137
297
256
347
333
361
297
49
241
81
293
208
418
495
476
360
290
480
201
32
153
313
150
249
413
187
59
318
106
353
283
81
379
339
465
48
441
430
339
28
78
133
1
336
196
141
50
57
18
106
191
367
401
476
174
325
148
7
435
147
303
479
443
389
298
212
330
79
31
428
420
360
142
173
455
20
312
314
54
272
137
2
301
1
163
416
180
404
165
141
401
434
496
193
225
99
190
112
38
484
312
471
27
91
187
331
226
228
21
154
13
334
453
163
10
301
179
443
227
382
32
427
414
390
28
486
365
450
448
357
331
200
276
71
461
167
476
211
314
332
191
453
383
12
128
67
482
333
183
425
421
247
386
157
452
385
57
137
63
202
466
276
280
165
324
314
58
383
203
343
326
469
130
395
191
80
45
403
262
461
5
33
267
24
437
84
315
120
119
76
110
339
148
113
367
416
173
219
189
315
10
100
130
341
99
452
118
491
466
373
341
155
375
103
197
434
9
256
229
240
500
438
264
128
233
488
322
17
29
276
407
327
215
448
452
405
404
427
426
485
467
324
155
247
236
456
464
46
416
433
407
418
490
450
316
72
336
3
108
111
131
101
462
190
466
15
441
428
151
292
30
83
331
244
273
176
284
17
393
278
25
276
101
96
369
490
337
266
133
381
70
402
320
316
355
366
362
465
282
221
16
36
395
124
403
325
88
247
177
140
288
320
110
330
87
355
1
366
322
476
179
176
295
271
223
129
264
15
390
408
314
320
236
172
262
489
381
477
193
45
403
90
89
494
93
250
292
490
229
500
366
496
144
306
43
341
242
125
401
275
62
73
357
269
326
469
85
439
69
98
475
24
173
277
74
89
87
302
179
474
338
274
286
391
43
318
176
430
130
422
248
257
77
419
484
331
233
321
168
124
166
353
421
132
25
342
323
368
232
454
255
440
447
428
437
288
287
467
227
9
294
155
310
148
351
218
448
254
294
244
356
267
135
55
308
485
353
155
366
201
495
309
198
176
167
308
311
149
483
196
44
267
94
160
331
11
44
274
282
307
395
70
74
489
98
489
306
392
120
452
435
132
101
26
14
485
458
134
481
44
408
300
272
98
200
90
173
476
225
298
442
79
374
59
307
426
235
210
78
179
2
419
29
32
262
413
166
68
146
346
54
411
294
238
400
96
298
477
289
9
316
331
167
323
11
356
259
43
220
88
250
248
56
302
42
489
271
240
337
288
424
105
330
379
244
31
286
136
160
211
129
258
421
70
364
172
252
206
22
406
155
124
349
59
97
306
355
492
197
411
325
58
141
2
85
211
1
289
80
480
71
123
383
9
460
492
328
487
439
370
238
65
219
431
133
301
257
271
283
438
177
294
439
250
387
71
118
419
485
153
171
464
127
42
336
32
241
340
100
105
479
368
54
327
174
260
339
211
369
285
454
231
7
142
304
277
184
134
123
389
375
409
3
286
200
274
439
178
96
102
60
418
172
178
460
309
241
113
76
127
232
407
50
200
200
441
458
486
239
59
349
108
217
211
230
70
366
268
128
400
322
162
115
268
225
37
59
329
183
495
37
72
58
496
158
468
360
303
87
259
317
454
439
38
254
453
201
462
449
390
444
473
485
177
306
70
293
282
475
163
383
130
303
245
23
277
50
221
53
263
211
63
182
370
84
368
224
78
15
273
336
98
381
293
51
64
87
382
191
88
176
78
328
424
377
188
151
195
15
477
403
480
409
186
180
382
292
116
94
438
347
215
268
203
328
285
249
11
194
459
190
169
31
465
87
133
235
258
493
396
218
29
63
39
371
356
189
195
114
170
273
472
288
254
242
461
310
126
97
92
439
141
1
57
287
234
450
445
100
47
147
34
123
198
220
318
153
229
332
472
97
55
397
24
187
219
381
278
224
127
323
110
162
401
458
78
29
7
252
137
407
245
96
68
24
239
349
91
34
425
309
82
294
125
496
384
244
478
370
69
353
173
221
473
224
38
373
222
240
143
290
146
478
196
66
353
460
330
1
448
370
291
244
300
319
242
316
37
406
74
334
51
138
184
284
234
24
123
344
487
366
127
351
391
135
163
104
98
59
143
424
414
477
422
200
63
429
422
155
482
222
337
317
166
309
239
9
294
413
332
329
338
486
15
83
243
440
354
165
156
138
218
478
263
150
421
75
216
485
221
306
102
469
363
265
30
311
185
82
397
155
311
186
228
315
87
429
463
340
457
123
76
258
500
344
5
359
54
16
389
165
294
310
192
27
228
370
124
250
53
432
255
272
269
1
328
32
251
449
64
493
112
376
28
99
231
345
470
20
261
172
258
170
194
232
362
2
495
201
87
218
305
213
288
26
369
304
490
499
16
473
108
105
453
397
53
418
282
94
296
383
401
104
490
382
174
86
78
37
140
326
38
50
362
346
188
399
89
2
230
427
355
471
4
289
64
154
217
298
179
445
220
402
405
205
318
201
224
406
352
283
226
453
359
190
435
59
243
108
210
155
329
280
364
370
29
430
101
202
318
21
369
281
358
196
106
137
145
158
29
487
176
183
151
448
201
403
112
314
354
6
411
110
89
25
116
441
38
36
176
389
101
22
89
332
414
446
96
164
84
299
414
85
80
223
479
146
130
417
169
126
318
287
349
313
111
260
193
334
80
166
99
109
482
140
386
155
95
319
34
256
308
449
230
55
92
326
31
366
47
470
311
122
368
50
71
314
174
276
222
155
253
263
85
419
201
305
104
440
338
324
52
311
383
413
319
370
58
294
222
285
230
328
287
111
355
477
242
432
70
73
482
320
98
380
4
46
364
312
355
287
223
92
29
223
419
1
240
455
232
202
257
380
55
437
426
426
476
474
64
224
64
172
371
265
343
233
213
3
410
274
6
247
439
436
62
138
300
64
193
355
238
287
201
368
317
102
265
162
455
79
70
391
248
132
223
52
221
264
381
186
288
237
46
458
196
11
441
119
376
288
126
413
282
210
487
277
471
3
449
242
468
52
49
332
205
116
499
308
213
11
417
36
184
7
67
1
242
244
172
306
161
146
287
168
453
158
109
39
145
447
82
219
315
140
219
237
189
215
253
81
12
133
407
365
371
91
229
276
143
486
36
227
331
143
81
322
266
382
379
48
7
460
164
267
429
199
222
45
289
331
313
27
492
92
295
28
240
422
297
362
429
334
397
159
411
355
388
172
59
397
472
307
336
206
74
53
470
141
436
173
370
185
487
313
174
9
236
240
349
53
83
344
85
17
119
174
64
5
356
75
311
50
486
392
359
6
191
286
18
242
58
99
486
125
493
244
347
84
486
402
120
148
324
6
315
128
223
319
87
401
489
466
286
362
362
321
200
96
454
168
318
450
223
108
496
484
359
461
25
376
327
480
19
454
456
163
227
480
77
232
284
372
200
117
253
93
314
124
264
173
45
251
131
318
84
170
426
217
11
332
269
263
295
211
74
10
447
332
407
199
94
220
20
223
385
446
250
106
355
403
171
235
197
352
332
76
350
202
371
286
238
10
470
246
463
22
78
489
44
244
146
483
218
66
79
325
232
408
433
138
420
321
362
108
161
35
66
444
380
499
161
246
462
121
461
85
251
274
260
364
369
261
63
111
258
189
18
132
273
7
344
442
269
233
366
417
149
362
85
429
456
134
110
45
84
401
21
97
105
495
75
459
149
70
269
160
259
251
351
473
17
435
172
374
155
219
477
229
256
45
436
390
189
332
408
236
152
18
28
358
168
422
27
278
433
386
294
200
464
207
159
398
12
113
413
22
463
237
391
365
424
293
342
61
59
186
270
317
162
34
8
241
224
493
306
95
408
394
442
269
426
278
266
49
386
39
378
77
420
387
273
416
127
163
434
376
81
467
220
247
117
477
38
431
199
418
175
19
307
318
114
70
296
122
440
147
27
293
176
21
308
193
398
276
261
93
115
61
59
431
15
442
175
195
153
449
240
336
351
468
365
360
271
103
273
204
121
5
224
288
349
289
292
199
440
424
79
263
170
106
304
114
460
377
303
173
396
102
470
491
407
192
442
208
156
448
423
296
3
58
473
110
337
271
82
227
150
476
255
230
371
478
166
245
165
251
400
394
300
101
309
19
36
234
382
158
347
84
44
492
1
284
261
113
134
194
277
189
295
76
23
421
347
240
121
430
26
198
44
405
49
30
496
403
249
454
75
104
390
425
381
66
432
263
230
87
217
54
112
471
474
211
99
225
78
388
173
296
113
452
132
150
41
139
444
472
289
358
364
180
120
174
299
371
196
458
489
85
11
34
213
473
87
74
431
338
431
272
326
362
282
279
491
439
294
231
26
294
320
259
299
359
190
432
351
301
412
229
29
121
400
89
286
80
240
159
64
467
208
107
41
17
33
3
399
342
183
361
77
465
432
196
265
253
236
354
283
155
224
131
426
202
243
206
462
194
494
412
200
135
168
59
86
213
218
282
327
188
33
10
118
52
152
64
189
205
324
33
344
386
376
409
244
78
181
339
274
328
41
206
348
272
162
442
298
373
110
53
36
454
28
96
122
214
13
375
50
180
17
258
370
461
68
314
259
260
316
9
32
379
8
499
147
328
162
347
390
210
267
317
95
272
498
390
358
281
287
31
65
307
289
95
312
284
336
387
204
348
184
38
58
102
21
157
447
30
449
294
53
166
485
340
413
200
163
99
464
179
457
479
473
286
444
226
90
414
188
364
493
275
144
42
27
229
260
494
252
342
444
329
333
494
479
399
323
449
182
112
122
238
424
26
392
205
66
273
158
295
67
33
342
86
302
278
23
444
314
185
441
169
348
123
235
128
146
480
308
45
403
142
232
77
243
255
352
119
151
322
163
488
336
457
275
412
487
248
192
201
377
380
136
498
171
453
390
302
291
264
59
87
466
114
393
426
302
266
343
47
426
405
293
492
22
454
333
392
348
324
141
399
289
107
169
24
6
234
406
290
366
51
328
387
263
76
23
223
65
350
111
222
405
145
276
472
87
145
477
217
120
499
455
468
123
161
299
359
445
369
420
68
360
53
182
376
78
407
229
446
432
110
328
498
214
420
495
144
331
197
438
361
258
190
171
367
96
360
264
103
278
164
278
196
430
43
362
352
463
400
395
180
417
32
285
10
172
457
255
204
166
155
29
248
431
60
310
171
383
316
280
218
143
126
169
269
332
132
68
171
59
143
182
431
303
258
445
227
405
161
196
140
106
61
438
123
135
31
266
371
234
191
469
148
121
177
37
291
364
17
179
41
389
84
145
23
474
98
446
173
115
84
267
223
120
141
112
83
189
46
134
302
366
198
438
368
175
35
311
127
221
155
363
388
483
155
251
23
416
415
150
38
85
93
257
150
425
247
28
481
66
455
102
318
383
377
175
192
147
278
349
439
288
319
452
460
221
379
241
466
390
90
167
274
397
97
217
273
442
289
444
428
8
330
61
267
53
46
6
106
480
60
377
139
66
211
251
266
141
297
429
46
7
62
91
476
289
329
421
286
160
402
251
359
334
422
432
458
258
186
408
176
374
135
486
331
214
28
208
187
347
451
132
145
360
399
422
446
240
86
478
225
125
220
447
78
309
19
306
145
279
294
8
456
389
253
172
372
77
261
263
261
121
235
440
209
271
106
499
436
500
487
219
173
208
184
51
155
188
408
22
196
223
64
408
54
443
177
257
107
227
50
369
479
323
218
105
391
280
239
308
204
20
370
146
293
76
336
248
206
203
18
184
169
239
68
39
57
327
387
266
94
350
392
209
450
118
240
351
491
80
160
375
450
100
319
176
353
418
116
479
108
429
52
405
209
366
200
241
255
179
48
65
394
473
215
355
129
161
196
175
336
485
258
126
43
144
235
70
420
393
186
139
211
409
158
165
299
487
1
85
418
499
96
313
33
95
482
478
386
465
47
192
223
441
143
124
172
426
362
66
132
131
321
363
493
409
355
485
316
50
57
142
161
112
257
338
389
445
94
449
162
257
184
456
346
495
417
270
267
35
493
373
126
435
453
288
178
234
320
125
241
497
162
337
409
405
31
112
185
306
235
227
332
414
404
375
448
366
17
499
492
85
219
281
57
184
16
227
159
470
160
156
126
470
208
166
96
348
47
441
464
305
86
462
301
267
42
213
31
78
341
312
218
322
133
157
279
382
280
226
389
305
453
215
146
79
102
362
206
239
280
100
320
76
35
188
500
258
481
291
142
304
196
82
130
348
439
305
338
51
387
215
68
322
53
160
352
371
316
222
165
180
7
293
298
241
493
142
287
445
158
22
401
490
84
86
109
371
86
298
141
297
25
156
353
66
32
499
24
375
336
129
442
260
126
463
298
404
285
389
355
297
18
394
394
365
314
79
238
467
51
481
285
18
81
369
156
352
441
232
209
495
119
412
109
29
81
141
364
122
289
206
87
198
443
344
279
131
262
488
252
453
261
57
325
356
345
424
179
258
307
446
464
53
180
361
179
107
285
366
285
174
216
116
179
346
395
88
75
238
90
25
91
453
480
257
234
62
88
254
184
157
463
106
316
343
243
34
18
83
166
173
347
396
203
79
238
145
379
479
461
258
350
442
169
282
356
11
74
424
127
117
19
32
182
129
211
110
301
337
104
361
70
493
72
417
179
195
250
401
19
89
184
110
293
427
308
22
438
34
487
232
461
94
456
49
155
316
215
75
369
128
345
42
375
100
188
358
370
253
104
162
261
173
405
38
433
410
239
255
322
190
173
268
351
373
401
476
37
23
263
363
481
176
33
392
245
142
235
193
240
451
152
186
430
325
471
288
190
419
116
245
77
460
253
179
456
78
192
3
200
212
321
347
490
241
182
85
140
14
294
291
176
46
16
372
38
488
338
26
402
113
287
119
408
18
286
21
424
355
437
168
451
232
494
28
130
306
196
189
144
386
149
176
126
325
70
32
445
382
141
468
240
167
102
87
426
203
440
472
456
161
162
285
78
126
341
444
53
488
243
233
292
149
382
16
465
111
493
83
449
255
77
42
214
469
429
285
130
408
103
427
367
224
234
484
225
364
99
500
485
126
479
457
140
409
177
91
285
87
123
315
210
358
24
201
84
121
72
109
198
57
315
146
385
316
367
69
416
399
292
101
13
494
98
323
276
121
403
306
293
338
1
44
285
289
218
10
200
34
400
104
293
491
303
429
312
334
72
325
43
109
176
386
296
22
303
217
260
201
425
464
219
266
317
360
57
272
361
97
99
358
369
383
500
188
308
22
191
170
12
442
49
79
264
185
163
115
248
264
487
1
250
500
109
436
386
28
175
443
373
41
474
476
226
186
240
294
386
108
214
281
26
91
190
483
416
140
3
132
198
442
24
98
110
98
108
369
275
64
302
281
348
249
298
472
469
73
353
79
445
369
229
141
50
207
476
160
311
126
21
246
25
43
245
431
18
377
367
129
78
372
19
323
307
434
433
277
293
218
15
344
288
425
188
329
213
383
48
404
123
448
59
149
44
56
257
306
4
367
455
93
207
224
1
74
351
407
335
117
275
199
367
93
111
178
458
101
355
416
219
135
329
463
7
130
313
371
279
251
177
127
273
427
264
423
137
64
425
115
479
306
49
432
129
425
82
467
38
367
99
156
452
89
148
320
264
244
218
371
262
480
129
84
440
148
426
440
329
189
41
394
177
241
437
413
86
398
334
83
49
346
333
412
153
22
176
185
279
445
159
394
347
54
354
499
178
465
493
482
499
142
139
349
327
205
480
211
152
236
234
367
410
136
323
416
148
217
432
419
473
241
161
385
31
148
48
123
388
438
235
121
406
353
84
407
208
484
86
449
42
465
34
44
211
292
484
211
232
438
352
462
34
74
9
258
481
255
319
179
157
357
324
214
1
113
462
57
53
416
209
165
131
484
377
8
208
118
174
239
164
338
392
450
87
274
88
332
345
326
426
454
165
408
292
186
142
320
43
98
331
427
158
316
230
188
332
50
198
1
51
364
81
80
16
319
466
374
128
228
25
131
213
227
490
255
500
224
192
191
367
389
75
77
409
238
180
76
220
400
443
39
134
344
276
63
374
86
392
474
221
268
193
316
73
200
214
432
327
475
188
108
358
8
135
162
289
4
171
279
140
390
154
228
285
487
498
370
452
428
382
415
332
219
471
100
196
260
4
210
24
249
250
246
212
335
181
127
210
114
274
370
415
114
335
331
114
466
31
87
202
345
480
399
93
274
277
140
37
36
467
30
500
462
256
391
141
409
16
451
306
372
161
339
154
13
500
218
384
141
486
231
229
418
8
179
270
351
153
439
59
42
90
174
148
245
370
453
359
444
190
205
450
81
281
331
185
142
246
81
274
60
256
397
50
236
301
83
455
77
122
290
257
78
393
265
282
487
191
409
144
47
359
441
451
281
282
149
138
177
495
128
106
72
165
500
286
194
125
412
445
288
499
283
323
400
449
373
189
17
49
198
451
337
438
228
201
316
446
269
455
153
445
278
83
494
185
185
413
394
479
89
363
280
465
356
48
77
118
51
333
409
460
121
129
297
178
269
135
438
299
471
248
356
458
292
343
222
201
329
215
264
461
296
38
461
336
172
373
82
180
125
198
395
437
46
193
325
149
286
316
417
51
475
95
9
341
7
322
173
14
326
377
289
336
69
449
165
83
168
462
7
397
53
259
174
273
353
419
412
100
19
73
415
14
299
214
486
201
30
120
329
350
200
68
354
249
409
60
368
98
29
242
482
325
310
21
498
217
421
236
488
89
410
74
496
253
462
276
38
356
464
464
53
49
133
158
198
485
406
426
364
294
51
315
72
277
92
90
204
278
216
269
281
295
132
241
440
126
73
101
287
134
22
13
134
65
189
433
193
152
324
14
312
495
372
195
38
95
3
219
162
373
72
260
141
195
184
259
417
393
218
72
413
305
140
231
273
39
182
7
89
160
398
52
455
203
458
286
423
438
204
345
123
354
440
415
62
262
373
440
381
430
17
301
435
252
101
7
356
142
423
499
414
497
130
2
475
20
306
438
238
399
336
479
189
373
450
59
366
226
169
11
167
242
126
159
143
98
118
204
102
451
430
282
16
205
432
127
225
438
440
42
457
435
202
483
95
38
112
62
302
43
142
131
473
412
333
172
371
471
360
378
403
102
337
287
469
54
464
485
442
324
335
429
287
127
54
233
40
144
65
106
487
56
402
59
309
300
310
104
373
260
256
254
79
62
140
355
98
415
14
41
75
127
121
479
209
214
345
346
358
101
132
227
407
254
392
347
201
278
479
170
245
360
113
182
68
81
350
225
488
200
135
126
130
24
32
360
435
423
351
96
456
464
247
272
128
29
348
325
171
293
155
321
437
345
297
215
15
440
412
128
364
120
359
159
466
7
98
383
223
32
413
278
428
383
215
281
114
341
54
39
234
26
55
195
45
315
189
286
228
317
346
496
12
223
233
336
105
88
307
121
432
465
103
139
381
377
394
55
131
16
102
174
386
374
395
339
66
165
115
152
319
312
156
406
187
417
267
205
151
379
177
26
35
433
107
270
423
416
314
169
422
134
156
212
216
173
111
138
329
394
270
441
474
155
303
121
310
197
452
465
110
189
405
252
340
76
140
453
268
126
417
150
352
446
231
186
156
444
191
15
307
129
377
257
109
237
53
380
131
486
460
226
464
349
59
233
230
405
373
140
33
158
371
204
478
121
89
28
425
118
465
366
7
438
159
482
313
148
143
103
23
260
322
282
166
191
186
3
388
498
456
252
71
52
482
149
259
173
279
489
148
26
455
14
22
95
220
27
191
78
